function Col = my_color()

Col.red = [0.85,0.33,0.10];
Col.blu = [0.00,0.45,0.74];
Col.yel = [0.93,0.69,0.13];
Col.vio = [0.49,0.18,0.56];
Col.ora = [0.92,0.42,0.00];
Col.vrt = [0.51,0.66,0.31];
Col.gre = [0.50,0.50,0.50];

Col.redl = [1.00,0.60,0.43];
Col.blul = [0, 0.26,0.99];
Col.yell = [1.00,0.82,0.39];
Col.viol = [0.78,0.6, 0.82];
Col.oral = [1.00,0.67,0.50];
Col.vrtl = [0.51,0.66,0.31]+ 0.3;
Col.grel = [0.25,0.25,0.25];

end

